1 0.9857655763626099 -0.01135038398206234 -0.1645127683877945 -0.032753996551036835 0.025745484977960587 -0.0007543544052168727 0.003829504130408168 1 000301.jpg

2 0.9907393455505371 -0.00951681099832058 -0.1327485591173172 -0.026880698278546333 0.020894596353173256 -0.0009635551832616329 0.0034619460348039865 2 000318.jpg

3 0.9946905970573425 -0.005744251888245344 -0.10086558759212494 -0.01959020271897316 0.017443493008613586 -0.000944077386520803 0.003116027219220996 3 000336.jpg

4 0.9972050786018372 -0.002887463429942727 -0.0738804042339325 -0.010739936493337154 0.010306867770850658 -0.00012788128515239805 -0.00017863610992208123 4 000370.jpg

5 0.9991450309753418 -0.0012782328994944692 -0.04093104600906372 -0.005661113187670708 0.004800944123417139 -0.00015084205369930714 -0.0004700699064414948 5 000388.jpg

6 0.9999990463256836 0.00038318263250403106 0.0001390141696901992 0.0012170281261205673 0.0 0.0 0.0 6 000405.jpg

7 0.9992985725402832 -6.969349487917498e-05 0.0355650968849659 0.011732261627912521 -0.010167192667722702 0.0007691790233366191 -0.0001755222911015153 7 000439.jpg

8 0.9986675977706909 -0.00324313179589808 0.04922626540064812 0.015136327594518661 -0.01565582863986492 0.00028599140932783484 0.0009572352864779532 8 000457.jpg

9 0.9926046133041382 -0.004599790088832378 0.11846917122602463 0.026074133813381195 -0.026477525010704994 -0.0007594494963996112 0.0072705987840890884 9 000491.jpg

